0.00000 1.22976 0.00000 C
0.00000 3.68927 0.00000 C
0.71000 0.00000 0.00000 C
0.71000 2.45951 0.00000 C
0.71000 4.91902 0.00000 C
2.13000 0.00000 0.00000 C
2.13000 2.45951 0.00000 C
2.13000 4.91902 0.00000 C
2.84000 1.22976 0.00000 C
2.84000 3.68927 0.00000 C
4.26000 1.22976 0.00000 C
4.26000 3.68927 0.00000 C
4.97000 0.00000 0.00000 C
4.97000 2.45951 0.00000 C
4.97000 4.91902 0.00000 C
6.39000 0.00000 0.00000 C
6.39000 2.45951 0.00000 C
6.39000 4.91902 0.00000 C
7.10000 1.22976 0.00000 C
7.10000 3.68927 0.00000 C